<?xml version="1.0"?>
<opencv_storage>
<format>3</format>
<layer_sizes>
  58 29 2</layer_sizes>
<activation_function>SIGMOID_SYM</activation_function>
<f_param1>1.</f_param1>
<f_param2>1.</f_param2>
<min_val>-9.4999999999999996e-01</min_val>
<max_val>9.4999999999999996e-01</max_val>
<min_val1>-9.7999999999999998e-01</min_val1>
<max_val1>9.7999999999999998e-01</max_val1>
<training_params>
  <train_method>BACKPROP</train_method>
  <dw_scale>1.0000000000000000e-03</dw_scale>
  <moment_scale>0.</moment_scale>
  <term_criteria>
    <epsilon>1.1920928955078125e-07</epsilon>
    <iterations>300</iterations></term_criteria></training_params>
<input_scale>
  1.2539922733714245e-03 4.9353336359600750e-02 1.6591375067550646e-01
  2.7092739494304001e+00 7.0237508328931725e+01 -9.9769531471860473e-01
  5.7970346738460293e+01 -2.4087365313266043e+00 4.4797877294774352e+01
  -4.2199237656935132e+01 3.1202272035834655e+00 -5.3404791992222158e+00
  7.8677681021992445e-04 -3.5887844979002077e+00 7.3291057056557615e-04
  -3.6579032521697821e+00 1.1911877666746371e+00 -4.5752072232126277e+00
  1.1014497679070166e-01 -2.6752198821438973e+00 1.3295973535099284e+00
  2.0054306971376379e+00 1.1889201867255364e-01 -3.8350487352250079e-01
  6.4500897004754378e-04 -3.6712240264706320e+00 4.7112951719745416e-01
  -8.6524063015327912e-01 3.3245498615550359e-02 -3.0702422670368601e+00
  1.2893019029869464e-03 7.5436350594310767e-02 5.5417933101368335e-03
  -4.0733888314498035e-01 1.8522033631015380e-01 3.3378782612435036e+00
  4.3428573974938045e-01 -9.3199521269651475e-01 2.0505860313972190e+02
  -2.9035101667829299e+00 1.2465479832105706e+02 -1.3448844720529731e+00
  8.6686271140905390e+01 -3.6208670563246681e+00 2.1401253274890490e+02
  -2.6593754624701842e+00 8.7023808483438089e+01 -8.1964914391745864e+01
  1.4037678406255907e+02 -2.5275169341793267e+00 4.0086045057406858e+00
  -6.8687658753289593e+00 8.8425249830536288e+00 -1.5014965484765288e+00
  9.3498943683502367e-04 -4.2327075690422875e+00 9.1310972221818375e-04
  -4.1536927602584415e+00 8.7888242993594610e-04 -4.3669696026295250e+00
  8.4784185348448469e-04 -4.2336174035633354e+00 1.3005829671024542e+00
  -5.0089133740195440e+00 1.3076328402410999e+00 -5.0513440540999923e+00
  1.1756714991782478e-01 -2.8622364574356998e+00 1.1750858594671093e-01
  -2.8813907646343329e+00 1.4273252150739757e+00 2.1540627329763851e+00
  1.4232243096641979e+00 -2.1804790050767022e+00 1.6957853141421875e-01
  -5.0658795340966767e-01 1.4277858672785365e-01 -4.8267676230620876e-01
  7.2361371866205837e-04 -4.1118213735435756e+00 7.4954294168884990e-04
  -4.3016874126181248e+00 6.5541415493268007e-01 -1.1685339646436281e+00
  5.6934434187351068e-01 -1.0650377362222985e+00 4.0543673686799030e-02
  -3.7286552657493557e+00 3.9838788412121899e-02 -3.7159603625151387e+00
  4.6972291738390792e+00 -9.9477234147985094e-01 8.5895617483889684e+00
  -8.7840632158268661e-01 9.9467451006672007e+00 -9.5634167112795243e-01
  9.8533351228263264e+00 -9.8516708813495224e-01 1.0192432353277550e+01
  -1.0292878779192178e+00 9.6419056408593384e+00 -1.0048400271339653e+00
  9.1211729452061139e+00 -9.8221120088460778e-01 9.3785954673855354e+00
  -1.0001719329193839e+00 9.4483055514761780e+00 -1.0071837387912714e+00
  9.1957006784421544e+00 -9.9137163190307565e-01 9.2065052617434660e+00
  -9.7519862103369470e-01 9.2542832849984915e+00 -9.7453573256218340e-01
  9.3098637161364710e+00 -9.8917442397047906e-01</input_scale>
<output_scale>
  5.2631578947368418e-01 4.9999999999999994e-01 5.2631578947368418e-01
  4.9999999999999994e-01</output_scale>
<inv_output_scale>
  1.8999999999999999e+00 -9.4999999999999996e-01 1.8999999999999999e+00
  -9.4999999999999996e-01</inv_output_scale>
<weights>
  <_>
    1.0152310268194509e-02 3.0373625355127797e-02
    -5.4201779865804149e-02 -5.5532275683296412e-02
    -3.2493625944276995e-02 6.0183652882139733e-02
    5.5802711257130218e-02 2.7828128564223137e-03 3.0998890100775275e-02
    -1.7474146718484799e-02 1.7511181079896816e-02
    2.6420237313081168e-02 2.8338154253869999e-02
    -2.3903502198963228e-02 -2.1058392279311238e-05
    -4.2949580071886670e-03 -3.7423934145814124e-02
    4.8638003586987708e-02 1.4303764663733731e-02 4.1427587573541896e-02
    2.2215885569313101e-02 -7.3189755583827672e-03
    -5.3898130714952676e-02 7.2175900119058709e-02
    1.1487770533203299e-02 -5.8572506672308365e-02
    -7.1045431933238737e-04 -3.6107013904213073e-03
    1.1367162724386299e-02 9.6241371511442020e-02
    -5.5125299077773054e-02 1.5312590898012943e-01
    4.1711978713206491e-02 2.1049349062402911e-01 7.0776398480530564e-02
    1.6468148217212070e-02 5.5824143959101319e-03
    -1.8326035966519708e-01 1.5717397628932081e-01
    -2.8328408613158113e-01 -2.7581817079020073e-02
    -5.9264910806094195e-02 5.1106759570011484e-02
    1.6143888615503952e-02 9.2049834576258260e-02 1.1938124544430030e-01
    -1.9501438161717319e-03 1.0979355271294400e-02
    -4.6224824468262017e-02 -1.5581558087964315e-01
    5.6710627356536701e-03 3.3767151090393757e-02 1.0916778871291197e-02
    -2.3529529863469480e-02 4.8925681354197822e-02
    2.8242090387256967e-02 -1.3866013124474167e-02
    1.1373172506898198e-01 -1.2182052201411827e-02
    -1.7292592594011086e-02 2.8705375389769347e-02
    1.0106829222151234e-02 2.0210742532360906e-02
    -6.4885250356788118e-02 -5.0723047700830297e-02
    -3.4858981245862737e-02 -5.3759485535800018e-02
    4.1459451805665459e-02 -2.2197474646964716e-02
    4.5166016964787257e-03 1.9108455155268673e-02 1.2387139497465194e-02
    7.6442399920156646e-03 -9.6054739773380332e-03
    -2.2045917012553178e-03 2.6763227531867574e-03
    -2.8837525768601480e-02 -6.7904296333657068e-03
    -1.2857219156601948e-02 5.5311564004944504e-02
    -2.6566449629352312e-02 -2.2468530188366847e-02
    3.6577874503602994e-03 -1.4355254091664355e-02
    -2.6496491349348093e-02 -3.2638033183517698e-02
    -7.9178198736224135e-03 -1.1988399276535322e-01
    -1.8329590079428578e-02 3.0346995683725748e-02
    5.6890703422487816e-02 6.0782014480431176e-02
    -1.1483965458038504e-01 -4.9964649628463489e-02
    1.0835842499139502e-02 -1.3809397615226605e-02
    4.7763742820085574e-02 -4.7638210260376401e-02
    -2.5560760661727817e-02 1.4213462149395223e-02
    -2.4609284248173664e-02 7.9146749544738548e-02
    -6.0698596272784455e-02 -1.9290157726226078e-02
    -3.9121454142661938e-02 -5.4314623458505559e-02
    1.6496709993211931e-02 -1.2576684339576229e-02
    6.8875931369711263e-02 1.3544758195676474e-02
    -4.8158458200380609e-02 2.7861308752474796e-02
    5.4273391235049165e-02 -8.6020637524388571e-02
    8.9864874323347284e-03 -7.8453456802412336e-02
    3.3271611746973156e-02 -4.9233438199214798e-03
    -2.1187276360807476e-02 -1.4419316497227280e-02
    -6.5328500368875317e-02 1.1319171989228533e-01
    3.8452861549153103e-02 -8.0032957071692976e-03
    4.2178796447796769e-02 -5.1999903990126772e-02
    7.3451809027264059e-02 -7.9071451062248076e-03
    -1.1502057704643562e-02 5.6419430952633465e-02
    -3.2640709113480250e-02 3.7535031540584900e-02
    1.1652405020964587e-02 2.6217115152232944e-02 6.6164459826889926e-02
    3.5194237387964997e-02 1.2465311260911513e-02
    -6.4143745310422620e-02 -3.4329008739637151e-02
    2.3747407995007640e-02 9.5116016672317887e-03 1.9760629797294263e-03
    3.2305218682746856e-02 4.8919890822504399e-02 5.6993276921778885e-02
    1.7566749669996196e-01 2.0285540318582873e-02 4.0282634466458814e-02
    6.2944313892993237e-02 1.8213793947162681e-02 7.4382871232143493e-03
    1.8041085501554970e-02 2.7232168321193378e-02
    -5.7890991021330766e-02 3.4452788518348584e-02
    -5.4649042660758207e-02 1.3972021009166970e-02
    5.6346219707126858e-03 1.9527813739496868e-02
    -2.5603057504408250e-01 1.2525887031816806e-02
    3.5896454425532275e-04 9.9163625338267419e-02 5.3044022716087168e-04
    3.5655570381757144e-02 -2.3398891636115696e-02
    -3.6830203676479475e-02 6.0347891461606872e-02
